0.000000000000000000e+00 0.000000000000000000e+00 0.000000000000000000e+00 0.000000000000000000e+00 0.000000000000000000e+00 0.000000000000000000e+00
7.014028056112224518e-03 4.409776815232529829e-04 1.468224260889005564e-04 4.226920541285158220e-05 9.190764538886108333e-06 1.422190704622817891e-06
1.402805611222444904e-02 1.745874762080068228e-03 5.964107610071820928e-04 1.771743757181641491e-04 3.997962923522845443e-05 6.457478306114487812e-06
2.104208416833667356e-02 3.887321576285838499e-03 1.361684858553326681e-03 4.171028269840664372e-04 9.759502019502782288e-05 1.643819773030735144e-05
2.805611222444889807e-02 6.835431075696018349e-03 2.453750184145198857e-03 7.744690856422306808e-04 1.877508481495955691e-04 3.294631784896168174e-05
3.507014028056112259e-02 1.055729907638937488e-02 3.881567365576159886e-03 1.261515856566941887e-03 3.166068729770938630e-04 5.782972925135245883e-05
4.208416833667334711e-02 1.501711129711730437e-02 5.651823089883414343e-03 1.890161105717448695e-03 4.907296543195726691e-04 9.321746879979666992e-05
4.909819639278557163e-02 2.017647667111308746e-02 7.768879008856369867e-03 2.671862206650008412e-03 7.170487139699470436e-04 1.415326819094236076e-04
5.611222444889779615e-02 2.599499348206117666e-02 1.023476772489455983e-02 3.617491703352848208e-03 1.002807197117690534e-03 2.055027634463788271e-04
6.312625250501002760e-02 3.243133335842722509e-02 1.304922304851489565e-02 4.737223565879193805e-03 1.355507251243963287e-03 2.881662646384796061e-04
7.014028056112224518e-02 3.944565785299911781e-02 1.620973746984253130e-02 6.040430022851203846e-03 1.782850680651093533e-03 3.928762336035428247e-04
7.715430861723446276e-02 4.700523296841700033e-02 1.971164206713592326e-02 7.535589400206494336e-03 2.292675601931883772e-03 5.232997251584310975e-04
8.416833667334669422e-02 5.509693276959946873e-02 2.354820512828336918e-02 9.230205437100879803e-03 2.892889921690805326e-03 6.834132829655929168e-04
9.118236472945892568e-02 6.375295046215578854e-02 2.771074631754761111e-02 1.113073846932779998e-02 3.591402514057607728e-03 8.774942662004755469e-04
9.819639278557114326e-02 7.309887021904927507e-02 3.218876355929162908e-02 1.324254873886102080e-02 4.396053004033447648e-03 1.110107963596299258e-03
1.052104208416833608e-01 8.343467897001703715e-02 3.697007005184056033e-02 1.556985193699671720e-02 5.314541069100051952e-03 1.386090508897717781e-03
1.122244488977955923e-01 9.535665058393755222e-02 4.204093902203611538e-02 1.811568693405418359e-02 6.354356159105541482e-03 1.710527682106504190e-03
1.192384769539078238e-01 1.099184350626962597e-01 4.738625400977133917e-02 2.088189549947800858e-02 7.522708505666128240e-03 2.088729749039852385e-03
1.262525050100200552e-01 1.288118891486061679e-01 5.298966264364386725e-02 2.386911367759031802e-02 8.826462249334201052e-03 2.526202556319324770e-03
1.332665330661322589e-01 1.545248615736971309e-01 5.883373203887569403e-02 2.707677435923331460e-02 1.027207145763293569e-02 3.028615158746503049e-03
1.402805611222444904e-01 1.904121237055297622e-01 6.490010411843601112e-02 3.050312047990162007e-02 1.186551974176199356e-02 3.601764310045305322e-03
1.472945891783567218e-01 2.406084773317373471e-01 7.116964932774555441e-02 3.414522818160585504e-02 1.361226410634174336e-02 4.251536195278036133e-03
1.543086172344689255e-01 3.097304209943932962e-01 7.762261738157673341e-02 3.799903919893740656e-02 1.551718358694362601e-02 4.983865823184761325e-03
1.613226452905811570e-01 4.023579953152800481e-01 8.423878384812655273e-02 4.205940166943891029e-02 1.758453314624850924e-02 5.804694528766380507e-03
1.683366733466933884e-01 5.223530212703405562e-01 9.099759154146269680e-02 4.632011852391661189e-02 1.981790321328310775e-02 6.719926060335961251e-03
1.753507014028056199e-01 6.721339397209921129e-01 9.787828587136189473e-02 5.077400258294884061e-02 2.222018516299708105e-02 7.735381740899097656e-03
1.823647294589178514e-01 8.520662487734441681e-01 1.048600435369359679e-01 5.541293747055890673e-02 2.479354294699435621e-02 8.856755201166594677e-03
1.893787575150300551e-01 1.060122393101569749e+00 1.119220944138503010e-01 6.022794345367479818e-02 2.753939100191711217e-02 1.008956718099631236e-02
1.963927855711422865e-01 1.291912213520181707e+00 1.190438376923389774e-01 6.520924732534416624e-02 3.045837848100917816e-02 1.143912088798236006e-02
2.034068136272545180e-01 1.541098981638151733e+00 1.262049567328608624e-01 7.034635546940104511e-02 3.355037977780581798e-02 1.291045838677513935e-02
2.104208416833667217e-01 1.800123658286745920e+00 1.333855464359012533e-01 7.562812927304700394e-02 3.681449123957015318e-02 1.450831847114055807e-02
2.174348697394789531e-01 2.061090343240354450e+00 1.405662907266531092e-01 8.104286209030023280e-02 4.024903390271658554e-02 1.623709644343671044e-02
2.244488977955911846e-01 2.316638732566343339e+00 1.477287836841217894e-01 8.657835700215203711e-02 4.385156202354126287e-02 1.810080619387512135e-02
2.314629258517034160e-01 2.560648800324326846e+00 1.548562081634668186e-01 9.222200466733226909e-02 4.761887712549143364e-02 2.010304493542072052e-02
2.384769539078156475e-01 2.788677528672014461e+00 1.619348215624490106e-01 9.796086060960577935e-02 5.154704723914583370e-02 2.224696091029746206e-02
2.454909819639278512e-01 2.998096795578603757e+00 1.689571163268642484e-01 1.037817213424139379e-01 5.563143097312504143e-02 2.453522434162110771e-02
2.525050100200401104e-01 3.187964263564805112e+00 1.759281845104038733e-01 1.096711987884074618e-01 5.986670602326023966e-02 2.697000185947240683e-02
2.595190380761522864e-01 3.358700390019169202e+00 1.828777298074202029e-01 1.156157925090633420e-01 6.424690170334411421e-02 2.955293458553865174e-02
2.665330661322645178e-01 3.511659192296041176e+00 1.898812156205320900e-01 1.216019593173130325e-01 6.876543506343359147e-02 3.228512001501103457e-02
2.735470941883767493e-01 3.648671754758882280e+00 1.970944763370209851e-01 1.276161799031772792e-01 7.341515015063307392e-02 3.516709778941164155e-02
2.805611222444889807e-01 3.771618868238754807e+00 2.048061509855040874e-01 1.336450221582001219e-01 7.818835996215507678e-02 3.819883941006507050e-02
2.875751503006012122e-01 3.882063368352923316e+00 2.135107270512940081e-01 1.396752009384221449e-01 8.307689064080581165e-02 4.137974189956638432e-02
2.945891783567134437e-01 3.980952525778535644e+00 2.240010542379502756e-01 1.456936340573010968e-01 8.807212746837389528e-02 4.470862537832805128e-02
3.016032064128256751e-01 4.068391168390477652e+00 2.374726075337041109e-01 1.516874943489954219e-01 9.316506222222727118e-02 4.818373448551671601e-02
3.086172344689378511e-01 4.143487492330088173e+00 2.556231823395030411e-01 1.576442576885250801e-01 9.834634147420531769e-02 5.180274353876396926e-02
3.156312625250500825e-01 4.204282166362891537e+00 2.807229690041856962e-01 1.635517468983464506e-01 1.036063154281257476e-01 5.556276529521846086e-02
3.226452905811623140e-01 4.247781152768579815e+00 3.156240756843751161e-01 1.693981715110520203e-01 1.089350869123808657e-01 5.946036314799992700e-02
3.296593186372745454e-01 4.270116802158317348e+00 3.636789441575588588e-01 1.751721633963353175e-01 1.143225601666777586e-01 6.349156656706116120e-02
3.366733466933867769e-01 4.266854941161380310e+00 4.285463064177288395e-01 1.808628083012859822e-01 1.197584890864851898e-01 6.765188957192634633e-02
3.436873747494990083e-01 4.233446126219010175e+00 5.138817664398104279e-01 1.864596734100434083e-01 1.252325246147498738e-01 7.193635200576718736e-02
3.507014028056112398e-01 4.165789895729632875e+00 6.229351243054206400e-01 1.919528311421432321e-01 1.307342609974624648e-01 7.633950336578805562e-02
3.577154308617234713e-01 4.060848924389813597e+00 7.581026330498252808e-01 1.973328796895731652e-01 1.362532806473416014e-01 8.085544893380265663e-02
3.647294589178357027e-01 3.917225042416001113e+00 9.205023301429016147e-01 2.025909615250305329e-01 1.417791973878425038e-01 8.547787794311363652e-02
3.717434869739478787e-01 3.735600043364172951e+00 1.109647829845191724e+00 2.077187829738301739e-01 1.473016978775874286e-01 9.020009351316375656e-02
3.787575150300601101e-01 3.518956209274969105e+00 1.323286786966042738e+00 2.127086424157856037e-01 1.528105810428498357e-01 9.501504408176851546e-02
3.857715430861723416e-01 3.272523863168144143e+00 1.557445323176917418e+00 2.175534847887743151e-01 1.582957953726394362e-01 9.991535606580510820e-02
3.927855711422845730e-01 3.003449400763527510e+00 1.806684205795199061e+00 2.222470214253806364e-01 1.637474739570062843e-01 1.048933674848706865e-01
3.997995991983968045e-01 2.720226456685218341e+00 2.064534714825732031e+00 2.267839964005141373e-01 1.691559671742226545e-01 1.099411622883217643e-01
4.068136272545090359e-01 2.431973545161139949e+00 2.324050789307727349e+00 2.311607579777113231e-01 1.745118729563370219e-01 1.150506051340781932e-01
4.138276553106212674e-01 2.147664607504615741e+00 2.578396129930329739e+00 2.353764255148704521e-01 1.798060645851149164e-01 1.202133763773589464e-01
4.208416833667334433e-01 1.875420246261813473e+00 2.821383600076374787e+00 2.394351486572607879e-01 1.850297159914705003e-01 1.254210070388410148e-01
4.278557114228456748e-01 1.621948527007407881e+00 3.047898346370835121e+00 2.433502499225977944e-01 1.901743245510883196e-01 1.306649135343914692e-01
4.348697394789579063e-01 1.392191224222972812e+00 3.254160861035398700e+00 2.471514150486013306e-01 1.952317313869732507e-01 1.359364319622639594e-01
4.418837675350701377e-01 1.189192862931912620e+00 3.437815215376287981e+00 2.508964971636021279e-01 2.001941392061502289e-01 1.412268517582293270e-01
4.488977955911823692e-01 1.014174358563543432e+00 3.597854520999774763e+00 2.546898191394793565e-01 2.050541277126122497e-01 1.465274485443495978e-01
4.559118236472946006e-01 8.667668298338466748e-01 3.734415650939232112e+00 2.587089114273245505e-01 2.098046666519552683e-01 1.518295160127580978e-01
4.629258517034068321e-01 7.453473634038116913e-01 3.848486232758487446e+00 2.632411734029952433e-01 2.144391265549033254e-01 1.571243967017274812e-01
4.699398797595190636e-01 6.474169996529036686e-01 3.941569257480401323e+00 2.687307541541520406e-01 2.189512872572442759e-01 1.624035115372769733e-01
4.769539078156312950e-01 5.699693852957757878e-01 4.015346471641450421e+00 2.758338585359593198e-01 2.233353442825730950e-01 1.676583880294771900e-01
4.839679358717434710e-01 5.098125398593836843e-01 4.071373941880158220e+00 2.854777386834172481e-01 2.275859131819490400e-01 1.728806870282658115e-01
4.909819639278557024e-01 4.638220600903468216e-01 4.110834481381975714e+00 2.989151705730361264e-01 2.316980319315636305e-01 1.780622279588952861e-01
4.979959919839679339e-01 4.291186581681876722e-01 4.134363762382626817e+00 3.177629185228776909e-01 2.356671614971727058e-01 1.831950124719792794e-01
5.050100200400802208e-01 4.031742065678143305e-01 4.141960485666539959e+00 3.440105090578657321e-01 2.394891846861690043e-01 1.882712464573771116e-01
5.120240480961923968e-01 3.838576712661705970e-01 4.132985504531485610e+00 3.799856011375260523e-01 2.431604034347698007e-01 1.932833603847928516e-01
5.190380761523045727e-01 3.694356514363963950e-01 4.106249346582401927e+00 4.282651703672182286e-01 2.466775347441092781e-01 1.982240279468810984e-01
5.260521042084168597e-01 3.585425043381265664e-01 4.060181254156683295e+00 4.915279021631841494e-01 2.500377056452032232e-01 2.030861829928195528e-01
5.330661322645290356e-01 3.501332540069686527e-01 3.993065375953547047e+00 5.723521147596881686e-01 2.532384479738923333e-01 2.078630347516617627e-01
5.400801603206413226e-01 3.434296578021718283e-01 3.903321651922699420e+00 6.729738710040715777e-01 2.562776946587633775e-01 2.125480813553063120e-01
5.470941883767534986e-01 3.378667282972723784e-01 3.789801603899896065e+00 7.950297015948247781e-01 2.591537812359789306e-01 2.171351216805989526e-01
5.541082164328657855e-01 3.330442069922333048e-01 3.652064469454496809e+00 9.393153348129977820e-01 2.618654604637570826e-01 2.216182655388967415e-01
5.611222444889779615e-01 3.286852375903311363e-01 3.490598561597494598e+00 1.105594113677645929e+00 2.644119460576410674e-01 2.259919422493882335e-01
5.681362725450901374e-01 3.246028710763345093e-01 3.306957373727920757e+00 1.292485335964075110e+00 2.667930166765323241e-01 2.302509076395810039e-01
5.751503006012024244e-01 3.206740057297824409e-01 3.103789663745613936e+00 1.497453722699924272e+00 2.690092377569087700e-01 2.343902495226403426e-01
5.821643286573146003e-01 3.168198097951943071e-01 2.884756256993194157e+00 1.716907986421373877e+00 2.710624024825336598e-01 2.384053917067560091e-01
5.891783567134268873e-01 3.129914607466066645e-01 2.654341390473260898e+00 1.946401361268815355e+00 2.729563608609887337e-01 2.422920965963790141e-01
5.961923847695390632e-01 3.091600407418120811e-01 2.417580443910058996e+00 2.180912721827855005e+00 2.746985036602458963e-01 2.460464664491371078e-01
6.032064128256513502e-01 3.053095550070715203e-01 2.179736421853694761e+00 2.415176096258891292e+00 2.763022983048268877e-01 2.496649433554461450e-01
6.102204408817635262e-01 3.014322185294332490e-01 1.945962861360438279e+00 2.644020749314564878e+00 2.777914311179786599e-01 2.531443080103815690e-01
6.172344689378757021e-01 2.975253419422373979e-01 1.720990319025220705e+00 2.862684251442426664e+00 2.792062753808396969e-01 2.564816773492964441e-01
6.242484969939879891e-01 2.935893151934605982e-01 1.508867755902950414e+00 3.067066591522866759e+00 2.806135398778505929e-01 2.596745011199715347e-01
6.312625250501001650e-01 2.896263267775309735e-01 1.312780434798326512e+00 3.253903032991847688e+00 2.821199993903840131e-01 2.627205574648646680e-01
6.382765531062124520e-01 2.856395650107343420e-01 1.134954350658083255e+00 3.420845126361786726e+00 2.838910909720922526e-01 2.656179475873058360e-01
6.452905811623246279e-01 2.816327287981761907e-01 9.766457836472939302e-01 3.566451073317107312e+00 2.861747958735967323e-01 2.683650895753899590e-01
6.523046092184369149e-01 2.776097333583866789e-01 8.382050146119225387e-01 3.690096808579808041e+00 2.893305497454765618e-01 2.709607114570245501e-01
6.593186372745490909e-01 2.735745365961721465e-01 7.191966903238088404e-01 3.791826615864270611e+00 2.938619095153703897e-01 2.734038435596149452e-01
6.663326653306613778e-01 2.695310389101816528e-01 6.185561890101655136e-01 3.872166355974102192e+00 3.004504034490809716e-01 2.756938102493062814e-01
6.733466933867735538e-01 2.654830270115272617e-01 5.347613974748676169e-01 3.931923550862963079e+00 3.099865460574267595e-01 2.778302211304584657e-01
6.803607214428857297e-01 2.614341437421355274e-01 4.660018903040417659e-01 3.971997110726169122e+00 3.235926557755398614e-01 2.798129618025729792e-01
6.873747494989980167e-01 2.573878730493350808e-01 4.103316810358076938e-01 3.993216061366816394e+00 3.426311911310986336e-01 2.816421843140186065e-01
6.943887775551101926e-01 2.533475336882748397e-01 3.657965514116148231e-01 3.996221881655111829e+00 3.686921639807758111e-01 2.833182975509390134e-01
7.014028056112224796e-01 2.493162778946918234e-01 3.305316531701762428e-01 3.981403558625298267e+00 4.035540854216990714e-01 2.848419580196437928e-01
7.084168336673346555e-01 2.452970928594758182e-01 3.028290460508507587e-01 3.948888659253541267e+00 4.491149991361798044e-01 2.862140619452751555e-01
7.154308617234469425e-01 2.412928037671432380e-01 2.811777749799459492e-01 3.898587973458738087e+00 5.072933915933670601e-01 2.874357405463395243e-01
7.224448897795591185e-01 2.373060776976167463e-01 2.642809223736529711e-01 3.830285951836653435e+00 5.799028210309777887e-01 2.885083621508955920e-01
7.294589178356714054e-01 2.333394279968004914e-01 2.510548977053173036e-01 3.743764615838194310e+00 6.685084269232001164e-01 2.894335481501941199e-01
7.364729458917835814e-01 2.293952188938083725e-01 2.406162520204396527e-01 3.638945254634533999e+00 7.742773633609214556e-01 2.902132156538786423e-01
7.434869739478957573e-01 2.254756702387439582e-01 2.322607777855714706e-01 3.516030420316799798e+00 8.978379102917924959e-01 2.908496695853966529e-01
7.505010020040080443e-01 2.215828622880872678e-01 2.254388139577761796e-01 3.375628772869668559e+00 1.039162945021416373e+00 2.913457827960289070e-01
7.575150300601202202e-01 2.177187404940343907e-01 2.197297222165998098e-01 3.218847306228465488e+00 1.197492252478119967e+00 2.917053269370638580e-01
7.645290581162325072e-01 2.138851202703284660e-01 2.148175784135173405e-01 3.047339256174399491e+00 1.371304818894680810e+00 2.919335517423812809e-01
7.715430861723446831e-01 2.100836917161914286e-01 2.104693237879056988e-01 2.863301134132604897e+00 1.558347166255610539e+00 2.920381578875415607e-01
7.785571142284569701e-01 2.063160242851637405e-01 2.065159862356107934e-01 2.669418208870720122e+00 1.755717637926369479e+00 2.920308689197973484e-01
7.855711422845691461e-01 2.025835713888166356e-01 2.028371201504134413e-01 2.468763602648487598e+00 1.960000227329904643e+00 2.919298780419756767e-01
7.925851703406813220e-01 1.988876749273181810e-01 1.993483082494877379e-01 2.264661210201891706e+00 2.167435971770036218e+00 2.917635182279013084e-01
7.995991983967936090e-01 1.952295697402456898e-01 1.959913923591886931e-01 2.060526248402816840e+00 2.374115901030448228e+00 2.915755655443966754e-01
8.066132264529057849e-01 1.916103879721273995e-01 1.927270205826012162e-01 1.859698996792978898e+00 2.576177560023712232e+00 2.914326151168227241e-01
8.136272545090180719e-01 1.880311633480516442e-01 1.895290854947410397e-01 1.665287082185482825e+00 2.769987403577157892e+00 2.914339403200213452e-01
8.206412825651302478e-01 1.844928353554469158e-01 1.863806566338906123e-01 1.480029674662890704e+00 2.952293732480121058e+00 2.917241288083469164e-01
8.276553106212425348e-01 1.809962533287816644e-01 1.832710610544210639e-01 1.306193618100412568e+00 3.120338858050478503e+00 2.925085565318646941e-01
8.346693386773547108e-01 1.775421804345379551e-01 1.801938242975333893e-01 1.145507385950803370e+00 3.271924213716509655e+00 2.940713955406193958e-01
8.416833667334668867e-01 1.741312975543451158e-01 1.771452419746460394e-01 9.991344458430652109e-01 3.405427471356733182e+00 2.967953547151596649e-01
8.486973947895791737e-01 1.707642070646484544e-01 1.741234042387677372e-01 8.676836911011572839e-01 3.519775702508785020e+00 3.011817533874489028e-01
8.557114228456913496e-01 1.674414365117429804e-01 1.711275394820001017e-01 7.512514770477554116e-01 3.614382711278496974e+00 3.078688873910455648e-01
8.627254509018036366e-01 1.641634421814023026e-01 1.681575791751799831e-01 6.494877331523045694e-01 3.689061494792432505e+00 3.176460586418707877e-01
8.697394789579158125e-01 1.609306125627106288e-01 1.652138734395266761e-01 5.616776752344871948e-01 3.743924187765071743e+00 3.314602200481597816e-01
8.767535070140280995e-01 1.577432717060432421e-01 1.622970078051959031e-01 4.868307236066476973e-01 3.779281826833158942e+00 3.504120622610690794e-01
8.837675350701402754e-01 1.546016824754391783e-01 1.594076869263384155e-01 4.237691377297618245e-01 3.795554978865106843e+00 3.757386473261464244e-01
8.907815631262525624e-01 1.515060496958980929e-01 1.565466620003319043e-01 3.712103384746618384e-01 3.793203970690939286e+00 4.087804456361507355e-01
8.977955911823647384e-01 1.484565231963720089e-01 1.537146863432920507e-01 3.278386267981247548e-01 3.772684455079237775e+00 4.509318612539716109e-01
9.048096192384769143e-01 1.454532007494506729e-01 1.509124888779483364e-01 2.923637729008978781e-01 3.734430698187776621e+00 5.035759613568930870e-01
9.118236472945892013e-01 1.424961309089356198e-01 1.481407588775549011e-01 2.635655484601994170e-01 3.678865626405116718e+00 5.680060008409695271e-01
9.188376753507013772e-01 1.395853157466777905e-01 1.454001376968661607e-01 2.403245792323282781e-01 3.606433650532602453e+00 6.453382272645372675e-01
9.258517034068136642e-01 1.367207134902016785e-01 1.426912147859702718e-01 2.216408454529966710e-01 3.517649871327988897e+00 7.364220994725589886e-01
9.328657314629258401e-01 1.339022410627876969e-01 1.400145262939173907e-01 2.066417487005256792e-01 3.413157674338815006e+00 8.417551922136862208e-01
9.398797595190381271e-01 1.311297765277904814e-01 1.373705552138366481e-01 1.945819333830122455e-01 3.293786070529051813e+00 9.614104722788177071e-01
9.468937875751503030e-01 1.284031614390812315e-01 1.347597324272551966e-01 1.848370610870754271e-01 3.160598461315855534e+00 1.094983189967245529e+00
9.539078156312625900e-01 1.257222030995865103e-01 1.321824382579906143e-01 1.768935592978873317e-01 3.014925728583372599e+00 1.241563319275900801e+00
9.609218436873747660e-01 1.230866767299682030e-01 1.296390043014926108e-01 1.703360736381517027e-01 2.858378502361047513e+00 1.399737412101994094e+00
9.679358717434869419e-01 1.204963275495528896e-01 1.271297153902086474e-01 1.648340065856356840e-01 2.692835894414195685e+00 1.567621129795271573e+00
9.749498997995992289e-01 1.179508727716605532e-01 1.246548116126652145e-01 1.601281738481244721e-01 2.520410611047612104e+00 1.742920885009876741e+00
9.819639278557114048e-01 1.154500035155294202e-01 1.222144903380880804e-01 1.560182857179587823e-01 2.343392868786485117e+00 1.923020309940584482e+00
9.889779559118236918e-01 1.129933866370540219e-01 1.198089082186305221e-01 1.523516846542308512e-01 2.164177656420373630e+00 2.105084991565899788e+00
9.959919839679358677e-01 1.105806664805737694e-01 1.174381831531858683e-01 1.490135506168720481e-01 1.985181402659391248e+00 2.286177347050495356e+00
1.003006012024048044e+00 1.082114665539631038e-01 1.151023962037423382e-01 1.459186224899189088e-01 1.808754893249439499e+00 2.463372822298822040e+00
1.010020040080160442e+00 1.058853911292754052e-01 1.128015934593098735e-01 1.430043719710527572e-01 1.637099304759987328e+00 2.633868836401144886e+00
1.017034068136272618e+00 1.036020267711857262e-01 1.105357878448246650e-01 1.402254972625591456e-01 1.472191547578935777e+00 2.795078999274603682e+00
1.024048096192384794e+00 1.013609437954746811e-01 1.083049608738323316e-01 1.375495684079201530e-01 1.315723877748030013e+00 2.944706932391496057e+00
1.031062124248496970e+00 9.916169765977504713e-02 1.061090643445773835e-01 1.349536450992594450e-01 1.169061136845875648e+00 3.080796283492864163e+00
1.038076152304609145e+00 9.700383028878778457e-02 1.039480219796255767e-01 1.324216932552950976e-01 1.033217222699911453e+00 3.201755969134030266e+00
1.045090180360721543e+00 9.488687133614037705e-02 1.018217310094614025e-01 1.299426421435203038e-01 9.088506843613139985e-01 3.306362027494868627e+00
1.052104208416833719e+00 9.281033938504688885e-02 9.973006370070404414e-02 1.275089443602291095e-01 7.962778428990935353e-01 3.393739474815328006e+00
1.059118236472945895e+00 9.077374308988458984e-02 9.767286882971898399e-02 1.251155230929907880e-01 6.955006865459943954e-01 3.463329046700128977e+00
1.066132264529058071e+00 8.877658226077164705e-02 9.564997310251496798e-02 1.227590124908852359e-01 6.062460396972226828e-01 3.514844557928197943e+00
1.073146292585170247e+00 8.681834889319954562e-02 9.366118252187445592e-02 1.204372163276729857e-01 5.280121705063680615e-01 3.548226796701108743e+00
1.080160320641282645e+00 8.489852814472119424e-02 9.170628370273926910e-02 1.181487268275308589e-01 4.601190450836312729e-01 3.563599420569217635e+00
1.087174348697394821e+00 8.301659926067303519e-02 8.978504513690778455e-02 1.158926593715031844e-01 4.017587875599493707e-01 3.561231343055093035e+00
1.094188376753506997e+00 8.117203645084399011e-02 8.789721840814497533e-02 1.136684699504597051e-01 3.520434753574319675e-01 3.541508739804881678e+00
1.101202404809619173e+00 7.936430971898350561e-02 8.604253935883517113e-02 1.114758309742827636e-01 3.100480936108088170e-01 3.504918235537969995e+00
1.108216432865731571e+00 7.759288564697748580e-02 8.422072920932971440e-02 1.093145477527803083e-01 2.748472041271615152e-01 3.452041240012191370e+00
1.115230460921843747e+00 7.585722813548607946e-02 8.243149563116124179e-02 1.071845030049259351e-01 2.455445797992945045e-01 3.383557953089621595e+00
1.122244488977955923e+00 7.415679910278348552e-02 8.067453377531080827e-02 1.050856204752354667e-01 2.212956618185477065e-01 3.300258398491224821e+00
1.129258517034068099e+00 7.249105914350043034e-02 7.894952725672355065e-02 1.030178414398673220e-01 2.013231819674814183e-01 3.203057075477816262e+00
1.136272545090180275e+00 7.085946814891534717e-02 7.725614909627150084e-02 1.009811098196943258e-01 1.849266425770008937e-01 3.093007491957127542e+00
1.143286573146292673e+00 6.926148589039854420e-02 7.559406262136754429e-02 9.897536298273705568e-02 1.714865651658060153e-01 2.971312965218420032e+00
1.150300601202404849e+00 6.769657256756368702e-02 7.396292232643270070e-02 9.700052626918827248e-02 1.604645196783635319e-01 2.839330603577414180e+00
1.157314629258517025e+00 6.616418932263319619e-02 7.236237469440964798e-02 9.505650992648280451e-02 1.513999510334409770e-01 2.698566229432393548e+00
1.164328657314629201e+00 6.466379872248316507e-02 7.079205898051581236e-02 9.314320758687077983e-02 1.439047528633853601e-01 2.550659058839510163e+00
1.171342685370741599e+00 6.319486520977669886e-02 6.925160795941506797e-02 9.126049571937940030e-02 1.376564241190214588e-01 2.397356087677456671e+00
1.178356713426853775e+00 6.175685552456127575e-02 6.774064863697673577e-02 8.940823368745026700e-02 1.323905043573197493e-01 2.240477223474864221e+00
1.185370741482965951e+00 6.034923909764895733e-02 6.625880292777680536e-02 8.758626417504013217e-02 1.278928358336441640e-01 2.081873133383076890e+00
1.192384769539078126e+00 5.897148841706163075e-02 6.480568829948299414e-02 8.579441382990100895e-02 1.239920583406405319e-01 1.923378466913809648e+00
1.199398797595190302e+00 5.762307936877752307e-02 6.338091838524514965e-02 8.403249402838958160e-02 1.205526150373700950e-01 1.766763504563385601e+00
1.206412825651302700e+00 5.630349155296977132e-02 6.198410356519495901e-02 8.230030170189620020e-02 1.174684393743097438e-01 1.613687364096196175e+00
1.213426853707414876e+00 5.501220857688774585e-02 6.061485151814641203e-02 8.059762018773110326e-02 1.146574065710975199e-01 1.465655683290547850e+00
1.220440881763527052e+00 5.374871832549140555e-02 5.927276774455514374e-02 7.892422008170546510e-02 1.120565675390398364e-01 1.323985238460897440e+00
1.227454909819639228e+00 5.251251321090594920e-02 5.795745606178669823e-02 7.727986007865908502e-02 1.096181367016436092e-01 1.189777319663084532e+00
1.234468937875751404e+00 5.130309040172586349e-02 5.666851907271258648e-02 7.566428779282073636e-02 1.073061750193703562e-01 1.063900944466867227e+00
1.241482965931863802e+00 5.011995203315865871e-02 5.540555860863587839e-02 7.407724055335852820e-02 1.050938924930240187e-01 9.469862317203419089e-01
1.248496993987975978e+00 4.896260539896118286e-02 5.416817614752288124e-02 7.251844617262954984e-02 1.029614873714972123e-01 8.394275462464917403e-01
1.255511022044088154e+00 4.783056312608318511e-02 5.295597320849302486e-02 7.098762368593634908e-02 1.008944393858448585e-01 7.413954220101327541e-01
1.262525050100200330e+00 4.672334333289996505e-02 5.176855172349783402e-02 6.948448406239969566e-02 9.888217916465621982e-02 6.528558138224487273e-01
1.269539078156312728e+00 4.564046977187716236e-02 5.060551438709370159e-02 6.800873088703289493e-02 9.691706362619417758e-02 5.735949354154354918e-01
1.276553106212424904e+00 4.458147195748089764e-02 4.946646498519087498e-02 6.656006101439421174e-02 9.499359612898373995e-02 5.032478155891710880e-01
1.283567134268537080e+00 4.354588528011095472e-02 4.835100870363414488e-02 6.513816519435942920e-02 9.310783945112291460e-02 4.413287294974923003e-01
1.290581162324649256e+00 4.253325110680436505e-02 4.725875241745121358e-02 6.374272867066203829e-02 9.125697856686385001e-02 3.872618130242537204e-01
1.297595190380761432e+00 4.154311686942510629e-02 4.618930496157491739e-02 6.237343175290201852e-02 8.943899828159938836e-02 3.404104118859195838e-01
1.304609218436873830e+00 4.057503614102519335e-02 4.514227738382631250e-02 6.102995036275411095e-02 8.765244786534484578e-02 3.001040185388780812e-01
1.311623246492986006e+00 3.962856870103525359e-02 4.411728318091992507e-02 5.971195655512615691e-02 8.589627082851650219e-02 2.656619756381332631e-01
1.318637274549098182e+00 3.870328058991422127e-02 4.311393851822761109e-02 5.841911901501659760e-02 8.416968294662303951e-02 2.364134455449475314e-01
1.325651302605210358e+00 3.779874415385714448e-02 4.213186243401737668e-02 5.715110353082433758e-02 8.247208565389281543e-02 2.117134382921388169e-01
1.332665330661322756e+00 3.691453808014080740e-02 4.117067702885721103e-02 5.590757344485732666e-02 8.080300510971613615e-02 1.909549395886952772e-01
1.339679358717434932e+00 3.605024742365493112e-02 4.023000764085396530e-02 5.468819008177787377e-02 7.916204972472341839e-02 1.735773769284904566e-01
1.346693386773547108e+00 3.520546362514553190e-02 3.930948300737277523e-02 5.349261315571376962e-02 7.754888083992088343e-02 1.590718029084151053e-01
1.353707414829659283e+00 3.437978452167401305e-02 3.840873541386306822e-02 5.232050115675444812e-02 7.596319269581049138e-02 1.469832627282426085e-01
1.360721442885771459e+00 3.357281434977008039e-02 3.752740083039261820e-02 5.117151171753657468e-02 7.440469890715076251e-02 1.369108534491942641e-01
1.367735470941883857e+00 3.278416374173918901e-02 3.666511903647275833e-02 5.004530196061546254e-02 7.287312345545458869e-02 1.285059840968380829e-01
1.374749498997996033e+00 3.201344971555695335e-02 3.582153373473663527e-02 4.894152882730048310e-02 7.136819479272493716e-02 1.214693172768570584e-01
1.381763527054108209e+00 3.126029565877239125e-02 3.499629265400986539e-02 4.785984938862306026e-02 6.988964206986603145e-02 1.155468237803542880e-01
1.388777555110220385e+00 3.052433130681258405e-02 3.418904764229650783e-02 4.679992113908853363e-02 6.843719280349110090e-02 1.105253200666483776e-01
1.395791583166332783e+00 2.980519271606941328e-02 3.339945475018164800e-02 4.576140227385207260e-02 6.701057150754828606e-02 1.062277916481045859e-01
1.402805611222444959e+00 2.910252223212800304e-02 3.262717430513480121e-02 4.474395194994004038e-02 6.560949896548740057e-02 1.025087388906803926e-01
1.409819639278557135e+00 2.841596845347914985e-02 3.187187097717712053e-02 4.374723053212660473e-02 6.423369192259478777e-02 9.924971967654522276e-02
1.416833667334669311e+00 2.774518619104242995e-02 3.113321383636175749e-02 4.277089982406095947e-02 6.288286304984821995e-02 9.635520841048680896e-02
1.423847695390781487e+00 2.708983642381008333e-02 3.041087640249529739e-02 4.181462328521953070e-02 6.155672107976220553e-02 9.374884441449019001e-02
1.430861723446893885e+00 2.644958625090560594e-02 2.970453668751384807e-02 4.087806623425174063e-02 6.025497104807676224e-02 9.137010528009485710e-02
1.437875751503006061e+00 2.582410884033842224e-02 2.901387723090955578e-02 3.996089603926372691e-02 5.897731459767593248e-02 8.917141193719883840e-02
1.444889779559118237e+00 2.521308337471900307e-02 2.833858512858830614e-02 3.906278229557492293e-02 5.772345031622010819e-02 8.711565125804786314e-02
1.451903807615230413e+00 2.461619499418707044e-02 2.767835205552360289e-02 3.818339699146568178e-02 5.649307408901950434e-02 8.517408786653639374e-02
1.458917835671342811e+00 2.403313473679300968e-02 2.703287428255547395e-02 3.732241466241788957e-02 5.528587945532772996e-02 8.332462826566813807e-02
1.465931863727454987e+00 2.346359947655848530e-02 2.640185268767094792e-02 3.647951253433883573e-02 5.410155796059480660e-02 8.155039623384668923e-02
1.472945891783567163e+00 2.290729185943007548e-02 2.578499276208695568e-02 3.565437065623919266e-02 5.293979950007127178e-02 7.983857756564260999e-02
1.479959919839679339e+00 2.236392023733205572e-02 2.518200461144244964e-02 3.484667202282686754e-02 5.180029265100431074e-02 7.817949367559164087e-02
1.486973947895791515e+00 2.183319860050788805e-02 2.459260295239481392e-02 3.405610268745950381e-02 5.068272499185927371e-02 7.656586653726375757e-02
1.493987975951903913e+00 2.131484650833441116e-02 2.401650710490284626e-02 3.328235186588660716e-02 4.958678340775969640e-02 7.499224125255496420e-02
1.501002004008016089e+00 2.080858901878037195e-02 2.345344098046389658e-02 3.252511203119796274e-02 4.851215438182706480e-02 7.345453675113597369e-02
1.508016032064128265e+00 2.031415661667013497e-02 2.290313306656425324e-02 3.178407900038132672e-02 4.745852427240395549e-02 7.194969935710068820e-02
1.515030060120240440e+00 1.983128514090922931e-02 2.236531640758692568e-02 3.105895201287761989e-02 4.642557957633444699e-02 7.047543799315739155e-02
1.522044088176352616e+00 1.935971571081250217e-02 2.183972858241401208e-02 3.034943380151160566e-02 4.541300717859048097e-02 6.903002347746160783e-02
1.529058116232465014e+00 1.889919465167470489e-02 2.132611167894523860e-02 2.965523065615884024e-02 4.442049458860335837e-02 6.761213762917954451e-02
1.536072144288577190e+00 1.844947341970894911e-02 2.082421226574796697e-02 2.897605248050181062e-02 4.344773016369771895e-02 6.622076071122141860e-02
1.543086172344689366e+00 1.801030852647526187e-02 2.033378136104232320e-02 2.831161284221085650e-02 4.249440332004351256e-02 6.485508811188511746e-02
1.550100200400801542e+00 1.758146146291339126e-02 1.985457439921496647e-02 2.766162901687756193e-02 4.156020473155599276e-02 6.351446913266715899e-02
1.557114228456913940e+00 1.716269862308409874e-02 1.938635119504804327e-02 2.702582202601384875e-02 4.064482651716850442e-02 6.219836235058697621e-02
1.564128256513026116e+00 1.675379122772175169e-02 1.892887590583772206e-02 2.640391666941927298e-02 3.974796241690491810e-02 6.090630330836614703e-02
1.571142284569138292e+00 1.635451524769008722e-02 1.848191699157137810e-02 2.579564155220768693e-02 3.886930795716763559e-02 5.963788130335705151e-02
1.578156312625250468e+00 1.596465132742950349e-02 1.804524717332240541e-02 2.520072910677340072e-02 3.800856060565398209e-02 5.839272284197125074e-02
1.585170340681362644e+00 1.558398470847806826e-02 1.761864339001422905e-02 2.461891560996636377e-02 3.716541991630255282e-02 5.717047994178580533e-02
1.592184368737475042e+00 1.521230515314323482e-02 1.720188675369715287e-02 2.404994119573595698e-02 3.633958766465916757e-02 5.597082193436506842e-02
1.599198396793587218e+00 1.484940686839492791e-02 1.679476250347621338e-02 2.349354986349065644e-02 3.553076797404866594e-02 5.479342977852862118e-02
1.606212424849699394e+00 1.449508843004802990e-02 1.639705995821744491e-02 2.294948948241455969e-02 3.473866743292118586e-02 5.363799216148783244e-02
1.613226452905811570e+00 1.414915270729454749e-02 1.600857246815833718e-02 2.241751179196934535e-02 3.396299520373604469e-02 5.250420286440180689e-02
1.620240480961923968e+00 1.381140678764511583e-02 1.562909736553650189e-02 2.189737239880170175e-02 3.320346312373657210e-02 5.139175901578472982e-02
1.627254509018036144e+00 1.348166190233144462e-02 1.525843591434969566e-02 2.138883077026789564e-02 3.245978579795474883e-02 5.030035996369598000e-02
1.634268537074148320e+00 1.315973335221993709e-02 1.489639325934890082e-02 2.089165022477799949e-02 3.173168068477884990e-02 4.922970657570214376e-02
1.641282565130260496e+00 1.284544043428277604e-02 1.454277837436612243e-02 2.040559791915343840e-02 3.101886817440575525e-02 4.817950083188744098e-02
1.648296593186372672e+00 1.253860636866683566e-02 1.419740401006859901e-02 1.993044483318394400e-02 3.032107166048863406e-02 4.714944561648229393e-02
1.655310621242485070e+00 1.223905822640106167e-02 1.386008664122799147e-02 1.946596575156238698e-02 2.963801760528265994e-02 4.613924464233942063e-02
1.662324649298597246e+00 1.194662685777634313e-02 1.353064641358928989e-02 1.901193924336650257e-02 2.896943559858116551e-02 4.514860246273609545e-02
1.669338677354709422e+00 1.166114682143072449e-02 1.320890709041577619e-02 1.856814763925163786e-02 2.831505841072473259e-02 4.417722453919801368e-02
1.676352705410821597e+00 1.138245631417008144e-02 1.289469599878601339e-02 1.813437700650961590e-02 2.767462203995726955e-02 4.322481734397020520e-02
1.683366733466933773e+00 1.111039710154986329e-02 1.258784397571179395e-02 1.771041712214257297e-02 2.704786575439391619e-02 4.229108848264093168e-02
1.690380761523046171e+00 1.084481444924324627e-02 1.228818531414244304e-02 1.729606144409398180e-02 2.643453212885570405e-02 4.137574682718375002e-02
1.697394789579158347e+00 1.058555705521681614e-02 1.199555770891759521e-02 1.689110708077232875e-02 2.583436707681882605e-02 4.047850265293476829e-02
1.704408817635270523e+00 1.033247698273340349e-02 1.170980220272622475e-02 1.649535475899672338e-02 2.524711987771691146e-02 3.959906777525432076e-02
1.711422845691382699e+00 1.008542959419954539e-02 1.143076313212503491e-02 1.610860879048909775e-02 2.467254319982491867e-02 3.873715568312593310e-02
1.718436873747495097e+00 9.844273485872419294e-03 1.115828807366935592e-02 1.573067703702806311e-02 2.411039311894913259e-02 3.789248166796693740e-02
1.725450901803607273e+00 9.608870423440033295e-03 1.089222779020110506e-02 1.536137087437977090e-02 2.356042913313467074e-02 3.706476294660642629e-02
1.732464929859719449e+00 9.379085278485988289e-03 1.063243617734058698e-02 1.500050515510955272e-02 2.302241417359795345e-02 3.625371877784196173e-02
1.739478957915831625e+00 9.154785965848080687e-03 1.037877021022226912e-02 1.464789817037760560e-02 2.249611461208309363e-02 3.545907057228627618e-02
1.746492985971943801e+00 8.935843381879990041e-03 1.013108989051309840e-02 1.430337161081495292e-02 2.198130026483165189e-02 3.468054199541445448e-02
1.753507014028056199e+00 8.722131343621451760e-03 9.889258193749908207e-03 1.396675052657091534e-02 2.147774439335156313e-02 3.391785906384867794e-02
1.760521042084168375e+00 8.513526528883227570e-03 9.653141017028179713e-03 1.363786328661993619e-02 2.098522370216096208e-02 3.317075023499817948e-02
1.767535070140280551e+00 8.309908417249954604e-03 9.422607127073745134e-03 1.331654153740993718e-02 2.050351833367726820e-02 3.243894649022549537e-02
1.774549098196392727e+00 8.111159232003872441e-03 9.197528108725474758e-03 1.300262016093151063e-02 2.003241186041548882e-02 3.172218141173961670e-02
1.781563126252505125e+00 7.917163882970978950e-03 8.977778313855344985e-03 1.269593723228111710e-02 1.957169127465191796e-02 3.102019125343255870e-02
1.788577154308617301e+00 7.727809910289722486e-03 8.763234810750019158e-03 1.239633397679037151e-02 1.912114697570458169e-02 3.033271500588765809e-02
1.795591182364729477e+00 7.542987429101391701e-03 8.553777333976098768e-03 1.210365472678674378e-02 1.868057275497473496e-02 2.965949445578809976e-02
1.802605210420841653e+00 7.362589075161631372e-03 8.349288234749079399e-03 1.181774687804947217e-02 1.824976577888876017e-02 2.900027423995504144e-02
1.809619238476953829e+00 7.186509951368844594e-03 8.149652431824958021e-03 1.153846084602075210e-02 1.782852656987255965e-02 2.835480189424196065e-02
1.816633266533066227e+00 7.014647575207804721e-03 7.954757362930728673e-03 1.126565002182772918e-02 1.741665898548685337e-02 2.772282789750657103e-02
1.823647294589178403e+00 6.846901827103380432e-03 7.764492936749311375e-03 1.099917072816883508e-02 1.701397019584510034e-02 2.710410571087694051e-02
1.830661322645290578e+00 6.683174899679759570e-03 7.578751485472100778e-03 1.073888217511504220e-02 1.662027065943097459e-02 2.649839181252280906e-02
1.837675350701402754e+00 6.523371247919869560e-03 7.397427717931750329e-03 1.048464641587258488e-02 1.623537409742742410e-02 2.590544572813666124e-02
1.844689378757515152e+00 6.367397540218716449e-03 7.220418673325685287e-03 1.023632830255201583e-02 1.585909746666443534e-02 2.532503005732342563e-02
1.851703406813627328e+00 6.215162610323959544e-03 7.047623675539943684e-03 9.993795441985239836e-03 1.549126093128757806e-02 2.475691049609059224e-02
1.858717434869739504e+00 6.066577410156687340e-03 6.878944288081551353e-03 9.756918151629840469e-03 1.513168783324545658e-02 2.420085585562468250e-02
1.865731462925851680e+00 5.921554963504272774e-03 6.714284269626776686e-03 9.525569415597281639e-03 1.478020466168904895e-02 2.365663807753523584e-02
1.872745490981963856e+00 5.780010320578178075e-03 6.553549530190963708e-03 9.299624840839694137e-03 1.443664102137266238e-02 2.312403224573793617e-02
1.879759519038076254e+00 5.641860513426818699e-03 6.396648087925237841e-03 9.078962613527292655e-03 1.410082960014127397e-02 2.260281659514641606e-02
1.886773547094188430e+00 5.507024512195810191e-03 6.243490026544094157e-03 8.863463455646527697e-03 1.377260613558494058e-02 2.209277251733453989e-02
1.893787575150300606e+00 5.375423182225793316e-03 6.093987453386789412e-03 8.653010581847263988e-03 1.345180938093851197e-02 2.159368456332401084e-02
1.900801603206412782e+00 5.246979241978485566e-03 5.948054458115058403e-03 8.447489656564752952e-03 1.313828107029958552e-02 2.110534044365006134e-02
1.907815631262525180e+00 5.121617221780976580e-03 5.805607072048676875e-03 8.246788751440933471e-03 1.283186588323479045e-02 2.062753102584853962e-02
1.914829659318637356e+00 4.999263423378816698e-03 5.666563228139241334e-03 8.050798303067738942e-03 1.253241140884173155e-02 2.016005032950529685e-02
1.921843687374749532e+00 4.879845880286860609e-03 5.530842721582669708e-03 7.859411071072675697e-03 1.223976810932913585e-02 1.970269551900227789e-02
1.928857715430861708e+00 4.763294318928181122e-03 5.398367171069461817e-03 7.672522096566651573e-03 1.195378928317599246e-02 1.925526689408975367e-02
1.935871743486973884e+00 4.649540120550072278e-03 5.269059980671495814e-03 7.490028660971276113e-03 1.167433102792679589e-02 1.881756787840989029e-02
1.942885771543086282e+00 4.538516283906576451e-03 5.142846302363585087e-03 7.311830245242197275e-03 1.140125220267699732e-02 1.838940500609054229e-02
1.949899799599198458e+00 4.430157388696516485e-03 5.019652999177703565e-03 7.137828489503161671e-03 1.113441439030010520e-02 1.797058790652612814e-02
1.956913827655310634e+00 4.324399559746399876e-03 4.899408608986265991e-03 6.967927153104638838e-03 1.087368185946571177e-02 1.756092928745404610e-02
1.963927855711422810e+00 4.221180431926974813e-03 4.782043308912046695e-03 6.802032075119173425e-03 1.061892152649356394e-02 1.716024491643564076e-02
1.970941883767534986e+00 4.120439115792227415e-03 4.667488880360159791e-03 6.640051135284892776e-03 1.037000291708832511e-02 1.676835360084124801e-02
1.977955911823647384e+00 4.022116163930065762e-03 4.555678674668508198e-03 6.481894215406784621e-03 1.012679812799596214e-02 1.638507716643883630e-02
1.984969939879759560e+00 3.926153538013241531e-03 4.446547579371845117e-03 6.327473161225520039e-03 9.889181788620254529e-03 1.601024043467974556e-02
1.991983967935871735e+00 3.832494576539304237e-03 4.340031985074586408e-03 6.176701744760899372e-03 9.657031022637025883e-03 1.564367119877113979e-02
1.998997995991983911e+00 3.741083963248619405e-03 4.236069752927306732e-03 6.029495627137690036e-03 9.430225409639992479e-03 1.528520019862177406e-02
2.006012024048096087e+00 3.651867696209143335e-03 4.134600182701352739e-03 5.885772321899720473e-03 9.208646946851231987e-03 1.493466109474370258e-02
2.013026052104208485e+00 3.564793057556832259e-03 4.035563981455663959e-03 5.745451158817470837e-03 8.992180010926859035e-03 1.459189044118836334e-02
2.020040080160320883e+00 3.479808583880509947e-03 3.938903232790101974e-03 5.608453248193878866e-03 8.780711319886653696e-03 1.425672765759383037e-02
2.027054108216432837e+00 3.396864037240152675e-03 3.844561366678848121e-03 5.474701445671741051e-03 8.574129895194772255e-03 1.392901500041410917e-02
2.034068136272545235e+00 3.315910376807657163e-03 3.752483129877369310e-03 5.344120317546222770e-03 8.372327024016659042e-03 1.360859753340028927e-02
2.041082164328657189e+00 3.236899731118909017e-03 3.662614556896680914e-03 5.216636106584153151e-03 8.175196221676296268e-03 1.329532309740003720e-02
2.048096192384769587e+00 3.159785370926501344e-03 3.574902941537734524e-03 5.092176698352566221e-03 7.982633194335161941e-03 1.298904227953723116e-02
2.055110220440881985e+00 3.084521682641957075e-03 3.489296808979420583e-03 4.970671588056799726e-03 7.794535801914535648e-03 1.268960838183281342e-02
2.062124248496993939e+00 3.011064142357219690e-03 3.405745888412712707e-03 4.852051847889383290e-03 7.610804021279409318e-03 1.239687738932388969e-02
2.069138276553106337e+00 2.939369290433995266e-03 3.324201086214196091e-03 4.736250094889203274e-03 7.431339909702374541e-03 1.211070793773518471e-02
2.076152304609218291e+00 2.869394706651241800e-03 3.244614459651528476e-03 4.623200459310714515e-03 7.256047568624132867e-03 1.183096128075622304e-02
2.083166332665330689e+00 2.801098985899662386e-03 3.166939191113474997e-03 4.512838553502106047e-03 7.084833107725510386e-03 1.155750125697181836e-02
2.090180360721443087e+00 2.734441714413240153e-03 3.091129562857246240e-03 4.405101441291179622e-03 6.917604609325493648e-03 1.129019425649490337e-02
2.097194388777555041e+00 2.669383446527309484e-03 3.017140932265615586e-03 4.299927607876846344e-03 6.754272093118268705e-03 1.102890918734499535e-02
2.104208416833667439e+00 2.605885681953290338e-03 2.944929707606161375e-03 4.197256930224376598e-03 6.594747481260726345e-03 1.077351744161570216e-02
2.111222444889779393e+00 2.543910843559770568e-03 2.874453324285438250e-03 4.097030647961573055e-03 6.438944563822200998e-03 1.052389286147137684e-02
2.118236472945891791e+00 2.483422255650303764e-03 2.805670221590131786e-03 3.999191334773079080e-03 6.286778964605580118e-03 1.027991170501089090e-02
2.125250501002004189e+00 2.424384122727986542e-03 2.738539819907790437e-03 3.903682870289773739e-03 6.138168107349236541e-03 1.004145261203546330e-02
2.132264529058116143e+00 2.366761508737158948e-03 2.673022498419619537e-03 3.810450412469484297e-03 5.993031182317739257e-03 9.808396569754330996e-03
2.139278557114228541e+00 2.310520316772802368e-03 2.609079573257512899e-03 3.719440370465603145e-03 5.851289113288748144e-03 9.580626878461116422e-03
2.146292585170340494e+00 2.255627269248123862e-03 2.546673276118059572e-03 3.630600377979147000e-03 5.712864524942725362e-03 9.358029117211404124e-03
2.153306613226452892e+00 2.202049888511171082e-03 2.485766733325520898e-03 3.543879267090687887e-03 5.577681710660629434e-03 9.140491109530744437e-03
2.160320641282565290e+00 2.149756477901178329e-03 2.426323945336778670e-03 3.459227042567088357e-03 5.445666600735554232e-03 8.927902889180347121e-03
2.167334669338677244e+00 2.098716103235946304e-03 2.368309766680215707e-03 3.376594856638868037e-03 5.316746731001807495e-03 8.720156666006458057e-03
2.174348697394789642e+00 2.048898574720904933e-03 2.311689886321424692e-03 3.295934984243183846e-03 5.190851211885489855e-03 8.517146791897370339e-03
2.181362725450902040e+00 2.000274429271676167e-03 2.256430808448158486e-03 3.217200798727564912e-03 5.067910697880111462e-03 8.318769726871240444e-03
2.188376753507013994e+00 1.952814913241152604e-03 2.202499833667119836e-03 3.140346748009238340e-03 4.947857357448800543e-03 8.124924005316249559e-03
2.195390781563126392e+00 1.906491965542752480e-03 2.149865040605275588e-03 3.065328331184954437e-03 4.830624843355992189e-03 7.935510202402658655e-03
2.202404809619238346e+00 1.861278201161525002e-03 2.098495267908506712e-03 2.992102075585770671e-03 4.716148263429738828e-03 7.750430900686461171e-03
2.209418837675350744e+00 1.817146895045030665e-03 2.048360096630177755e-03 2.920625514271541195e-03 4.604364151755427348e-03 7.569590656921449702e-03
2.216432865731463142e+00 1.774071966365681381e-03 1.999429833002643476e-03 2.850857163959500968e-03 4.495210440301839611e-03 7.392895969096832318e-03
2.223446893787575096e+00 1.732027963146872285e-03 1.951675491584549046e-03 2.782756503381227271e-03 4.388626430979353406e-03 7.220255243715129750e-03
2.230460921843687494e+00 1.690990047245016130e-03 1.905068778776832514e-03 2.716283952062446133e-03 4.284552768130086946e-03 7.051578763325128119e-03
2.237474949899799448e+00 1.650933979679806941e-03 1.859582076700586886e-03 2.651400849519930034e-03 4.182931411449293882e-03 6.886778654322901067e-03
2.244488977955911846e+00 1.611836106305344039e-03 1.815188427429806741e-03 2.588069434869449612e-03 4.083705609337083368e-03 6.725768855032931634e-03
2.251503006012024244e+00 1.573673343814489941e-03 1.771861517572346969e-03 2.526252826839314129e-03 3.986819872678864889e-03 6.568465084081339007e-03
2.258517034068136198e+00 1.536423166069511093e-03 1.729575663192198113e-03 2.465915004183268696e-03 3.892219949052973076e-03 6.414784809070818786e-03
2.265531062124248596e+00 1.500063590751586802e-03 1.688305795066698646e-03 2.407020786487064010e-03 3.799852797363461980e-03 6.264647215567514284e-03
2.272545090180360550e+00 1.464573166322495103e-03 1.648027444271778046e-03 2.349535815362752394e-03 3.709666562895878698e-03 6.117973176408191514e-03
2.279559118236472948e+00 1.429930959291375982e-03 1.608716728089165183e-03 2.293426536024685894e-03 3.621610552793288074e-03 5.974685221335983808e-03
2.286573146292585346e+00 1.396116541779949443e-03 1.570350336228921095e-03 2.238660179241307082e-03 3.535635211950146749e-03 5.834707506971783739e-03
2.293587174348697300e+00 1.363109979379695984e-03 1.532905517360953762e-03 2.185204743656991508e-03 3.451692099320584871e-03 5.697965787127890792e-03
2.300601202404809698e+00 1.330891819294226707e-03 1.496360065949599045e-03 2.133028978477630004e-03 3.369733864638429187e-03 5.564387383469781602e-03
2.307615230460921651e+00 1.299443078760864102e-03 1.460692309384834572e-03 2.082102366514477360e-03 3.289714225545164149e-03 5.433901156531230348e-03
2.314629258517034049e+00 1.268745233744898596e-03 1.425881095404302234e-03 2.032395107579987228e-03 3.211587945122492543e-03 5.306437477087620931e-03
2.321643286573146447e+00 1.238780207900614348e-03 1.391905779800143000e-03 1.983878102230049630e-03 3.135310809825845799e-03 5.181928197891022721e-03
2.328657314629258401e+00 1.209530361792968958e-03 1.358746214404729733e-03 1.936522935846623052e-03 3.060839607814770831e-03 5.060306625771148967e-03
2.335671342685370799e+00 1.180978482374122479e-03 1.326382735349667958e-03 1.890301863054966950e-03 2.988132107676425182e-03 4.941507494104610890e-03
2.342685370741483197e+00 1.153107772709130842e-03 1.294796151592276677e-03 1.845187792469782590e-03 2.917147037537805038e-03 4.825466935655635045e-03
2.349699398797595151e+00 1.125901841944991922e-03 1.263967733704097216e-03 1.801154271764425323e-03 2.847844064562846805e-03 4.712122455789443526e-03
2.356713426853707549e+00 1.099344695517704773e-03 1.233879202915769916e-03 1.758175473057496446e-03 2.780183774829632186e-03 4.601412906060678779e-03
2.363727454909819503e+00 1.073420725591828434e-03 1.204512720413127621e-03 1.716226178611280663e-03 2.714127653583610182e-03 4.493278458177677945e-03
2.370741482965931901e+00 1.048114701727253292e-03 1.175850876878953115e-03 1.675281766836237123e-03 2.649638065862120178e-03 4.387660578343214289e-03
2.377755511022044299e+00 1.023411761768089259e-03 1.147876682275365476e-03 1.635318198596112833e-03 2.586678237485807736e-03 4.284502001972574810e-03
2.384769539078156253e+00 9.992974029484191084e-04 1.120573555861620113e-03 1.596312003808234665e-03 2.525212236412085424e-03 4.183746708788564639e-03
2.391783567134268651e+00 9.757574732101066814e-04 1.093925316442311956e-03 1.558240268333310448e-03 2.465204954446077647e-03 4.085339898293479863e-03
2.398797595190380605e+00 9.527781627276854298e-04 1.067916172841076872e-03 1.521080621149565552e-03 2.406622089304305892e-03 3.989227965617330590e-03
2.405811623246493003e+00 9.303459956356350917e-04 1.042530714594808085e-03 1.484811221805841649e-03 2.349430127026191223e-03 3.895358477741357999e-03
2.412825651302605401e+00 9.084478219532548604e-04 1.017753902863840045e-03 1.449410748148227332e-03 2.293596324728687692e-03 3.803680150095899940e-03
2.419839679358717355e+00 8.870708097027461521e-04 9.935710615531253946e-04 1.414858384315249070e-03 2.239088693699109196e-03 3.714142823530930219e-03
2.426853707414829753e+00 8.662024372158350950e-04 9.699678686400685845e-04 1.381133808996296702e-03 2.185875982821308162e-03 3.626697441657721586e-03
2.433867735470941707e+00 8.458304856247409386e-04 9.469303477043306211e-04 1.348217183948290923e-03 2.133927662330286409e-03 3.541296028559907678e-03
2.440881763527054105e+00 8.259430315330583807e-04 9.244448596553054513e-04 1.316089142765522382e-03 2.083213907890402606e-03 3.457891666871377393e-03
2.447895791583166503e+00 8.065284398624146533e-04 9.024980946527712483e-04 1.284730779897760074e-03 2.033705584992101436e-03 3.376438476219275654e-03
2.454909819639278457e+00 7.875753568709467417e-04 8.810770642166065002e-04 1.254123639911713245e-03 1.985374233662570449e-03 3.296891592029079551e-03
2.461923847695390855e+00 7.690727033392366629e-04 8.601690935213051042e-04 1.224249706991039667e-03 1.938192053485022874e-03 3.219207144689535498e-03
2.468937875751502808e+00 7.510096679202228924e-04 8.397618138711903431e-04 1.195091394670141308e-03 1.892131888922074642e-03 3.143342239074175745e-03
2.475951903807615206e+00 7.333757006488902290e-04 8.198431553523324563e-04 1.166631535797098751e-03 1.847167214938143058e-03 3.069254934416912762e-03
2.482965931863727604e+00 7.161605066081777994e-04 8.004013396572260200e-04 1.138853372721107884e-03 1.803272122916006011e-03 2.996904224538210829e-03
2.489979959919839558e+00 6.993540397473868185e-04 7.814248730783553447e-04 1.111740547699848749e-03 1.760421306862789597e-03 2.926250018418828126e-03
2.496993987975951956e+00 6.829464968495063378e-04 7.629025396668548051e-04 1.085277093522404391e-03 1.718590049900433486e-03 2.857253121117636456e-03
2.504008016032064354e+00 6.669283116439004731e-04 7.448233945525562427e-04 1.059447424343205792e-03 1.677754211035993853e-03 2.789875215030118098e-03
2.511022044088176308e+00 6.512901490610244898e-04 7.271767574217913614e-04 1.034236326722807889e-03 1.637890212206850752e-03 2.724078841483962808e-03
2.518036072144288706e+00 6.360228996257327174e-04 7.099522061493877302e-04 1.009628950871058802e-03 1.598975025596248954e-03 2.659827382668131148e-03
2.525050100200400660e+00 6.211176739859270964e-04 6.931395705813565280e-04 9.856108020886715677e-04 1.560986161214380271e-03 2.597085043891645371e-03
2.532064128256513058e+00 6.065657975733251914e-04 6.767289264648510471e-04 9.621677324028751017e-04 1.523901654740429873e-03 2.535816836168227738e-03
2.539078156312625456e+00 5.923588053933050764e-04 6.607105895220687563e-04 9.392859323932427904e-04 1.487700055620846907e-03 2.475988559123046186e-03
2.546092184368737410e+00 5.784884369405833733e-04 6.450751096647773129e-04 9.169519232036137590e-04 1.452360415419423883e-03 2.417566784217557978e-03
2.553106212424849808e+00 5.649466312379593453e-04 6.298132653462967020e-04 8.951525487362125806e-04 1.417862276414536644e-03 2.360518838288465805e-03
2.560120240480961762e+00 5.517255219949909403e-04 6.149160580477495150e-04 8.738749680241528770e-04 1.384185660439101427e-03 2.304812787396870628e-03
2.567134268537074160e+00 5.388174328839042066e-04 6.003747068955540096e-04 8.531066477784446682e-04 1.351311057958816788e-03 2.250417420983362535e-03
2.574148296593186558e+00 5.262148729298518840e-04 5.861806434070765881e-04 8.328353551059212078e-04 1.319219417384263167e-03 2.197302236325152092e-03
2.581162324649298512e+00 5.139105320128203175e-04 5.723255063615379249e-04 8.130491503943085936e-04 1.287892134612588337e-03 2.145437423291078876e-03
2.588176352705410910e+00 5.018972764785320810e-04 5.588011367933048111e-04 7.937363803609050628e-04 1.257311042794340876e-03 2.094793849390193773e-03
2.595190380761522864e+00 4.901681448557208701e-04 5.455995731046738711e-04 7.748856712613690859e-04 1.227458402321454645e-03 2.045343045110066971e-03
2.602204408817635262e+00 4.787163436772312207e-04 5.327130462954420692e-04 7.564859222551146081e-04 1.198316891031885696e-03 1.997057189540295350e-03
2.609218436873747660e+00 4.675352434024853299e-04 5.201339753065348497e-04 7.385262989239375605e-04 1.169869594627062680e-03 1.949909096277344924e-03
2.616232464929859614e+00 4.566183744388486857e-04 5.078549624750472186e-04 7.209962269405539208e-04 1.142099997297834311e-03 1.903872199606358598e-03
2.623246492985972012e+00 4.459594232595539285e-04 4.958687890980827779e-04 7.038853858837888040e-04 1.114991972555027470e-03 1.858920540955812713e-03
2.630260521042084410e+00 4.355522286158544578e-04 4.841684111029187867e-04 6.871837031971624564e-04 1.088529774260578800e-03 1.815028755620839984e-03
2.637274549098196363e+00 4.253907778411488501e-04 4.727469548209405916e-04 6.708813482877814443e-04 1.062698027855370729e-03 1.772172059751047019e-03
2.644288577154308761e+00 4.154692032448320592e-04 4.615977128629884254e-04 6.549687267624337839e-04 1.037481721779763165e-03 1.730326237598712319e-03
2.651302605210420715e+00 4.057817785937989407e-04 4.507141400937000495e-04 6.394364747978643904e-04 1.012866199083291589e-03 1.689467629023146773e-03
2.658316633266533113e+00 3.963229156793792222e-04 4.400898497025488351e-04 6.242754536422292317e-04 9.888371492194425807e-04 1.649573117247153057e-03
2.665330661322645511e+00 3.870871609677304531e-04 4.297186093693111902e-04 6.094767442449111053e-04 9.653806000220773289e-04 1.610620116861454431e-03
2.672344689378757465e+00 3.780691923316558387e-04 4.195943375217374145e-04 5.950316420117359719e-04 9.424829098597134166e-04 1.572586562072979038e-03
2.679358717434869863e+00 3.692638158618432990e-04 4.097110996832701506e-04 5.809316516828734889e-04 9.201307599641365574e-04 1.535450895193113700e-03
2.686372745490981817e+00 3.606659627556800052e-04 4.000631049086643106e-04 5.671684823306666736e-04 8.983111469298133128e-04 1.499192055361522977e-03
2.693386773547094215e+00 3.522706862817186961e-04 3.906447023054860062e-04 5.537340424746709780e-04 8.770113753806052037e-04 1.463789467501985537e-03
2.700400801603206613e+00 3.440731588179594047e-04 3.814503776393902198e-04 5.406204353113496950e-04 8.562190508003744011e-04 1.429223031505946588e-03
2.707414829659318567e+00 3.360686689622080243e-04 3.724747500212885368e-04 5.278199540557568237e-04 8.359220725241626841e-04 1.395473111640005556e-03
2.714428857715430965e+00 3.282526187127380126e-04 3.637125686743813784e-04 5.153250773927605657e-04 8.161086268865491407e-04 1.362520526173291880e-03
2.721442885771542919e+00 3.206205207175502722e-04 3.551587097792139225e-04 5.031284650353066339e-04 7.967671805240437218e-04 1.330346537221082986e-03
2.728456913827655317e+00 3.131679955905802381e-04 3.468081733949238436e-04 4.912229533872665204e-04 7.778864738282244718e-04 1.298932840800613633e-03
2.735470941883767715e+00 3.058907692932444095e-04 3.386560804547978851e-04 4.796015513086020329e-04 7.594555145465219526e-04 1.268261557095375167e-03
2.742484969939879669e+00 2.987846705797067440e-04 3.306976698344578879e-04 4.682574359803907049e-04 7.414635715275757393e-04 1.238315220924157472e-03
2.749498997995992067e+00 2.918456285043421528e-04 3.229282954908950943e-04 4.571839488675342447e-04 7.239001686080892735e-04 1.209076772411111101e-03
2.756513026052104021e+00 2.850696699899126613e-04 3.153434236706917837e-04 4.463745917769016032e-04 7.067550786382380571e-04 1.180529547853110791e-03
2.763527054108216419e+00 2.784529174549207333e-04 3.079386301857515692e-04 4.358230230087151635e-04 6.900183176426758673e-04 1.152657270780853543e-03
2.770541082164328817e+00 2.719915864987572937e-04 3.007095977549825803e-04 4.255230535990620630e-04 6.736801391142901432e-04 1.125444043210051823e-03
2.777555110220440771e+00 2.656819836432236016e-04 2.936521134103091792e-04 4.154686436514236640e-04 6.577310284378479373e-04 1.098874337079225761e-03
2.784569138276553169e+00 2.595205041290524228e-04 2.867620659654840278e-04 4.056538987552060684e-04 6.421616974408111923e-04 1.072932985870502821e-03
2.791583166332665567e+00 2.535036297660982945e-04 2.800354435462343392e-04 3.960730664892601568e-04 6.269630790685291975e-04 1.047605176410130057e-03
2.798597194388777520e+00 2.476279268358702514e-04 2.734683311802385249e-04 3.867205330084242461e-04 6.121263221812189327e-04 1.022876440845057978e-03
2.805611222444889918e+00 2.418900440451878290e-04 2.670569084455049640e-04 3.775908197111983548e-04 5.976427864700279997e-04 9.987326487924583478e-04
2.812625250501001872e+00 2.362867105296499487e-04 2.607974471757828973e-04 3.686785799866500114e-04 5.835040374896914616e-04 9.751599996587320598e-04
2.819639278557114270e+00 2.308147339057429299e-04 2.546863092215900185e-04 3.599785960387528062e-04 5.697018418051775796e-04 9.521450151247279120e-04
2.826653306613226668e+00 2.254709983704025387e-04 2.487199442655711724e-04 3.514857757863247881e-04 5.562281622499155170e-04 9.296745317939858174e-04
2.833667334669338622e+00 2.202524628468745065e-04 2.428948876908526100e-04 3.431951498368493859e-04 5.430751532931299939e-04 9.077356940008426966e-04
2.840681362725451020e+00 2.151561591757090563e-04 2.372077585011267832e-04 3.351018685324413091e-04 5.302351565139174893e-04 8.863159467751923577e-04
2.847695390781562974e+00 2.101791903498592283e-04 2.316552572912246929e-04 3.272011990662905241e-04 5.177006961797465077e-04 8.654030289608770398e-04
2.854709418837675372e+00 2.053187287927377353e-04 2.262341642669635461e-04 3.194885226679317633e-04 5.054644749270525029e-04 8.449849664846374514e-04
2.861723446893787770e+00 2.005720146782252863e-04 2.209413373130817066e-04 3.119593318557609693e-04 4.935193695417089627e-04 8.250500657726387698e-04
2.868737474949899724e+00 1.959363542916099546e-04 2.157737101080948528e-04 3.046092277551918867e-04 4.818584268371846769e-04 8.055869073116311624e-04
2.875751503006012122e+00 1.914091184304307961e-04 2.107282902849627669e-04 2.974339174809426155e-04 4.704748596281962849e-04 7.865843393518104354e-04
2.882765531062124076e+00 1.869877408442770965e-04 2.058021576364281273e-04 2.904292115819739266e-04 4.593620427977562759e-04 7.680314717485756072e-04
2.889779559118236474e+00 1.826697167125865186e-04 2.009924623639959562e-04 2.835910215475338065e-04 4.485135094555721229e-04 7.499176699403043052e-04
2.896793587174348872e+00 1.784526011595020934e-04 1.962964233694575124e-04 2.769153573729768339e-04 4.379229471857098966e-04 7.322325490594754896e-04
2.903807615230460826e+00 1.743340078049192016e-04 1.917113265879396428e-04 2.703983251838835457e-04 4.275841943815941585e-04 7.149659681743259984e-04
2.910821643286573224e+00 1.703116073507807008e-04 1.872345233615153295e-04 2.640361249171284982e-04 4.174912366663380346e-04 6.981080246584208315e-04
2.917835671342685622e+00 1.663831262018202709e-04 1.828634288523260339e-04 2.578250480575738088e-04 4.076382033965472067e-04 6.816490486855226192e-04
2.924849699398797576e+00 1.625463451198813343e-04 1.785955204943250019e-04 2.517614754290535789e-04 3.980193642476803021e-04 6.655795978471324955e-04
2.931863727454909974e+00 1.587990979109818891e-04 1.744283364826707645e-04 2.458418750383883802e-04 3.886291258791715430e-04 6.498904518901798709e-04
2.938877755511021928e+00 1.551392701443578043e-04 1.703594742998638424e-04 2.400627999711642420e-04 3.794620286775106225e-04 6.345726075724049528e-04
2.945891783567134325e+00 1.515647979026777141e-04 1.663865892777417852e-04 2.344208863380713192e-04 3.705127435754913064e-04 6.196172736329179061e-04
2.952905811623246723e+00 1.480736665626727639e-04 1.625073931944699787e-04 2.289128512705926788e-04 3.617760689459699865e-04 6.050158658755991738e-04
2.959919839679358677e+00 1.446639096054457409e-04 1.587196529056675558e-04 2.235354909648682006e-04 3.532469275683996243e-04 5.907600023628969488e-04
2.966933867735471075e+00 1.413336074557359102e-04 1.550211890088409189e-04 2.182856787726229081e-04 3.449203636665090409e-04 5.768414987177574414e-04
2.973947895791583029e+00 1.380808863494082902e-04 1.514098745403300462e-04 2.131603633380196633e-04 3.367915400155099240e-04 5.632523635314204413e-04
2.980961923847695427e+00 1.349039172285118040e-04 1.478836337039661400e-04 2.081565667793356539e-04 3.288557351172684577e-04 5.499847938747638850e-04
2.987975951903807825e+00 1.318009146632119293e-04 1.444404406306698833e-04 2.032713829144470704e-04 3.211083404418626510e-04 5.370311709110799818e-04
2.994989979959919779e+00 1.287701357999451843e-04 1.410783181682511518e-04 1.985019755290267968e-04 3.135448577340339913e-04 5.243840556080924843e-04
3.002004008016032177e+00 1.258098793351455523e-04 1.377953367006689916e-04 1.938455766864690029e-04 3.061608963830534866e-04 5.120361845470867068e-04
3.009018036072144131e+00 1.229184845139406782e-04 1.345896129960218711e-04 1.892994850785457224e-04 2.989521708545507289e-04 4.999804658270995709e-04
3.016032064128256529e+00 1.200943301531877264e-04 1.314593090826070591e-04 1.848610644158141583e-04 2.919144981828704962e-04 4.882099750621131645e-04
3.023046092184368927e+00 1.173358336882538355e-04 1.284026311523206009e-04 1.805277418568470183e-04 2.850437955225833156e-04 4.767179514692736859e-04
3.030060120240480881e+00 1.146414502429782923e-04 1.254178284907705174e-04 1.762970064753312130e-04 2.783360777578237932e-04 4.654977940461347175e-04
3.037074148296593279e+00 1.120096717222273519e-04 1.225031924334316459e-04 1.721664077641656858e-04 2.717874551680354292e-04 4.545430578350545775e-04
3.044088176352705233e+00 1.094390259265072454e-04 1.196570553472144788e-04 1.681335541756466946e-04 2.653941311489384030e-04 4.438474502728191194e-04
3.051102204408817631e+00 1.069280756880883551e-04 1.168777896368399909e-04 1.641961116968882546e-04 2.591523999873678410e-04 4.334048276236438521e-04
3.058116232464930029e+00 1.044754180281077670e-04 1.141638067753869730e-04 1.603518024596499816e-04 2.530586446887646821e-04 4.232091914937692666e-04
3.065130260521041983e+00 1.020796833341550852e-04 1.115135563584659039e-04 1.565984033837145950e-04 2.471093348561085755e-04 4.132546854258500272e-04
3.072144288577154381e+00 9.973953455782874904e-05 1.089255251814011936e-04 1.529337448530562217e-04 2.413010246190913242e-04 4.035355915713769587e-04
3.079158316633266779e+00 9.745366643177073385e-05 1.063982363388946964e-04 1.493557094239700582e-04 2.356303506123810527e-04 3.940463274394707211e-04
3.086172344689378733e+00 9.522080470571312914e-05 1.039302483465995541e-04 1.458622305644353219e-04 2.300940300018235857e-04 3.847814427203217211e-04
3.093186372745491131e+00 9.303970540107307189e-05 1.015201542840835325e-04 1.424512914239367491e-04 2.246888585574745593e-04 3.757356161816708252e-04
3.100200400801603084e+00 9.090915408362668310e-05 9.916658095865911525e-05 1.391209236330256493e-04 2.194117087723942950e-04 3.669036526367006707e-04
3.107214428857715482e+00 8.882796515384208278e-05 9.686818808956092956e-05 1.358692061319055134e-04 2.142595280260923424e-04 3.582804799817664010e-04
3.114228456913827880e+00 8.679498115442808534e-05 9.462366751199021331e-05 1.326942640273424295e-04 2.092293367916437123e-04 3.498611463024324389e-04
3.121242484969939834e+00 8.480907209466957003e-05 9.243174240053290502e-05 1.295942674772239021e-04 2.043182268854035492e-04 3.416408170462844588e-04
3.128256513026052232e+00 8.286913479115640851e-05 9.029116651147223334e-05 1.265674306020970119e-04 1.995233597583688002e-04 3.336147722610450237e-04
3.135270541082164186e+00 8.097409222450150117e-05 8.820072344355440032e-05 1.236120104230403825e-04 1.948419648281845911e-04 3.257784038965469962e-04
3.142284569138276584e+00 7.912289291164079097e-05 8.615922591673526993e-05 1.207263058252368618e-04 1.902713378508595068e-04 3.181272131691162278e-04
3.149298597194388982e+00 7.731451029336139824e-05 8.416551506848698463e-05 1.179086565466179448e-04 1.858088393312748725e-04 3.106568079870001978e-04
3.156312625250500936e+00 7.554794213666130237e-05 8.221845976721743935e-05 1.151574421910057716e-04 1.814518929715322026e-04 3.033629004354773738e-04
3.163326653306613334e+00 7.382220995159342240e-05 8.031695594241014514e-05 1.124710812651185234e-04 1.771979841563133874e-04 2.962413043202765371e-04
3.170340681362725288e+00 7.213635842223385685e-05 7.845992593104937868e-05 1.098480302389008703e-04 1.730446584743375478e-04 2.892879327680395623e-04
3.177354709418837686e+00 7.048945485143689256e-05 7.664631783995204135e-05 1.072867826286033247e-04 1.689895202750998622e-04 2.824987958825249824e-04
3.184368737474950084e+00 6.888058861901907718e-05 7.487510492361247269e-05 1.047858681020620439e-04 1.650302312600258696e-04 2.758699984553108185e-04
3.191382765531062038e+00 6.730887065308273777e-05 7.314528497717578731e-05 1.023438516056371161e-04 1.611645091072882725e-04 2.693977377297487592e-04
3.198396793587174436e+00 6.577343291411481623e-05 7.145587974417434555e-05 9.995933251230825183e-05 1.573901261294247578e-04 2.630783012169919731e-04
3.205410821643286390e+00 6.427342789157620170e-05 6.980593433867829899e-05 9.763094379038747485e-05 1.537049079630496934e-04 2.569080645629128780e-04
3.212424849699398788e+00 6.280802811267666857e-05 6.819451668148368095e-05 9.535735119237500126e-05 1.501067322898572544e-04 2.508834894647413378e-04
3.219438877755511186e+00 6.137642566302066287e-05 6.662071695001780939e-05 9.313725246346049645e-05 1.465935275882037942e-04 2.450011216363364277e-04
3.226452905811623140e+00 5.997783171885487851e-05 6.508364704161444746e-05 9.096937656920029043e-05 1.431632719145333680e-04 2.392575888209386116e-04
3.233466933867735538e+00 5.861147609061532771e-05 6.358244004983893652e-05 8.885248294189355706e-05 1.398139917139485625e-04 2.336495988503749948e-04
3.240480961923847936e+00 5.727660677751547218e-05 6.211624975353701079e-05 8.678536074523293773e-05 1.365437606592405210e-04 2.281739377496206300e-04
3.247494989979959890e+00 5.597248953289064285e-05 6.068425011830932785e-05 8.476682815675325167e-05 1.333506985176975300e-04 2.228274678857060224e-04
3.254509018036072288e+00 5.469840744005447051e-05 5.928563481008692867e-05 8.279573166768063475e-05 1.302329700450341086e-04 2.176071261599446386e-04
3.261523046092184241e+00 5.345366049838834173e-05 5.791961672054190277e-05 8.087094539972958782e-05 1.271887839058171332e-04 2.125099222425204913e-04
3.268537074148296639e+00 5.223756521943534399e-05 5.658542750401334434e-05 7.899137043846889746e-05 1.242163916197276045e-04 2.075329368484197959e-04
3.275551102204409037e+00 5.104945423274563350e-05 5.528231712568522620e-05 7.715593418283209963e-05 1.213140865330804085e-04 2.026733200538125565e-04
3.282565130260520991e+00 4.988867590122526873e-05 5.400955342074718765e-05 7.536358971038827200e-05 1.184802028149797669e-04 1.979282896519183829e-04
3.289579158316633389e+00 4.875459394578633991e-05 5.276642166424414622e-05 7.361331515799715368e-05 1.157131144775344481e-04 1.932951295474715306e-04
3.296593186372745343e+00 4.764658707903401166e-05 5.155222415138272087e-05 7.190411311747072073e-05 1.130112344195616762e-04 1.887711881888986675e-04
3.303607214428857741e+00 4.656404864780334555e-05 5.036627978802063797e-05 7.023501004587666809e-05 1.103730134932167929e-04 1.843538770373274755e-04
3.310621242484970139e+00 4.550638628430831324e-05 4.920792369109851493e-05 6.860505569012889790e-05 1.077969395930127109e-04 1.800406690716023657e-04
3.317635270541082093e+00 4.447302156570356109e-05 4.807650679876738630e-05 6.701332252552973817e-05 1.052815367666808371e-04 1.758290973284539849e-04
3.324649298597194491e+00 4.346338968185441208e-05 4.697139548997520916e-05 6.545890520790370636e-05 1.028253643473759380e-04 1.717167534770307213e-04
3.331663326653306445e+00 4.247693911110786620e-05 4.589197121328942951e-05 6.394092003901327812e-05 1.004270161066964540e-04 1.677012864269939927e-04
3.338677354709418843e+00 4.151313130387873358e-05 4.483763012471110826e-05 6.245850444493001815e-05 9.808511942803302180e-05 1.637804009693892364e-04
3.345691382765531241e+00 4.057144037385503217e-05 4.380778273428959075e-05 6.101081646703597526e-05 9.579833449976028119e-05 1.599518564495626643e-04
3.352705410821643195e+00 3.965135279664033471e-05 4.280185356128973577e-05 5.959703426536394182e-05 9.356535352780483887e-05 1.562134654713578724e-04
3.359719438877755593e+00 3.875236711564534212e-05 4.181928079773427432e-05 5.821635563396678051e-05 9.138489996711049652e-05 1.525630926318718278e-04
3.366733466933867547e+00 3.787399365506603956e-05 4.085951598009270080e-05 5.686799752802904003e-05 8.925572777156745531e-05 1.489986532860782681e-04
3.373747494989979945e+00 3.701575423976460167e-05 3.992202366893139303e-05 5.555119560243342432e-05 8.717662066195913109e-05 1.455181123406043195e-04
3.380761523046092343e+00 3.617718192188158744e-05 3.900628113632792092e-05 5.426520376150511507e-05 8.514639141148639388e-05 1.421194830759978361e-04
3.387775551102204297e+00 3.535782071403561865e-05 3.811177806085534270e-05 5.300929371966447593e-05 8.316388114846673537e-05 1.388008259968179399e-04
3.394789579158316695e+00 3.455722532892615986e-05 3.723801622995707376e-05 5.178275457271767061e-05 8.122795867578163590e-05 1.355602477089030684e-04
3.401803607214429093e+00 3.377496092520094735e-05 3.638450924953217421e-05 5.058489237953430368e-05 7.933751980668385102e-05 1.323958998231827030e-04
3.408817635270541047e+00 3.301060285942976656e-05 3.555078226054960051e-05 4.941502975385263458e-05 7.749148671656541447e-05 1.293059778854177110e-04
3.415831663326653445e+00 3.226373644403498543e-05 3.473637166252447424e-05 4.827250546597321683e-05 7.568880731030661567e-05 1.262887203312614709e-04
3.422845691382765398e+00 3.153395671103557978e-05 3.394082484369137281e-05 4.715667405409622423e-05 7.392845460483481580e-05 1.233424074660547114e-04
3.429859719438877796e+00 3.082086818146680118e-05 3.316369991770085139e-05 4.606690544506940115e-05 7.220942612652730627e-05 1.204653604687719575e-04
3.436873747494990194e+00 3.012408464033117326e-05 3.240456546669414988e-05 4.500258458431711817e-05 7.053074332310471889e-05 1.176559404195558244e-04
3.443887775551102148e+00 2.944322891695234866e-05 3.166300029059039204e-05 4.396311107473107693e-05 6.889145098966113138e-05 1.149125473503051628e-04
3.450901803607214546e+00 2.877793267059923550e-05 3.093859316243509128e-05 4.294789882430178517e-05 6.729061670850208386e-05 1.122336193177403012e-04
3.457915831663326500e+00 2.812783618124793430e-05 3.023094258967128707e-05 4.195637570227781713e-05 6.572733030245246557e-05 1.096176314984597300e-04
3.464929859719438898e+00 2.749258814536629229e-05 2.953965658117736637e-05 4.098798320364724048e-05 6.420070330131124746e-05 1.070630953054510189e-04
3.471943887775551296e+00 2.687184547658993743e-05 2.886435241993768456e-05 4.004217612174237374e-05 6.270986842114307364e-05 1.045685575255515695e-04
3.478957915831663250e+00 2.626527311117667613e-05 2.820465644120680838e-05 3.911842222876261456e-05 6.125397905609153404e-05 1.021325994773852983e-04
3.485971943887775648e+00 2.567254381812180818e-05 2.756020381603681911e-05 3.821620196402752777e-05 5.983220878241968981e-05 9.975383618927041881e-05
3.492985971943887602e+00 2.509333801382143613e-05 2.693063834002883372e-05 3.733500812977772208e-05 5.844375087448168784e-05 9.743091559665504643e-05
3.500000000000000000e+00 2.452734358117409174e-05 2.631561222719185346e-05 3.647434559432563496e-05 5.708781783233706690e-05 9.516251775860191020e-05
